6932635952696987497,16825117127882417238
6932635952696987497,7307794950321886069
6932635952696987497,3625428150349054281
6932635952696987497,12198118661846779630
6932635952696987497,8399336692515649010
6932635952696987497,11674858610055625890
1693931353023812964,14944360290210837729
1693931353023812964,7516930703802703056
6932635952696987497,11791470656284303461
6932635952696987497,8917466995659723699
1693931353023812964,2192884670963927280
1693931353023812964,16496612597442747816
6932635952696987497,10804919048705069837
1693931353023812964,3782932809859257809
6932635952696987497,17873445099886522333
6932635952696987497,14072222053499884594
6932635952696987497,3168669763153541065
1693931353023812964,14686688080678637970
6932635952696987497,3762639718564679302
6932635952696987497,5077333582606061096
6932635952696987497,9531618510984211523
6932635952696987497,2620940181460272740
6932635952696987497,12968601901981402196
6932635952696987497,3820539702870861397
6932635952696987497,10364729882135679752
6932635952696987497,637516313413798915
6932635952696987497,17802484025180324377
6932635952696987497,6302473232814925863
6932635952696987497,3446020615553537686
1693931353023812964,1029826990632586254
6932635952696987497,6570401361779417232
6932635952696987497,10387823508368754228
6932635952696987497,2636819522896052491
6932635952696987497,1246643169982677614
6932635952696987497,10522000197171711325
6932635952696987497,7151213824018535511
6932635952696987497,17032353848808233595
1693931353023812964,400492219611116597
6932635952696987497,7375428995527297210
1693931353023812964,12532983988398542181
6932635952696987497,1858883152569055236
6932635952696987497,2192203272259435859
6932635952696987497,3688178683194837932
6932635952696987497,14007443502857828244
6932635952696987497,1133153365606829918
6932635952696987497,17350176029959147755
6932635952696987497,10848247543699463463
6932635952696987497,12770064959007753371
6932635952696987497,17510045608124236345
1693931353023812964,491405544448706204
1693931353023812964,16780679263340083605
6932635952696987497,4886505500100741167
6932635952696987497,1947436817271961928
6932635952696987497,253673687671490391
6932635952696987497,4215966337485211394
6932635952696987497,10822019927799198615
6932635952696987497,8764023120102815000
1693931353023812964,686314084328503482
6932635952696987497,11659378510158163619
6932635952696987497,16377955394494739967
6932635952696987497,552000730738342937
6932635952696987497,125176723125287338
6932635952696987497,5004095689572502232
6932635952696987497,16970695715454843254
6932635952696987497,7935804024426035019
6932635952696987497,5272966036016050340
6932635952696987497,8154976936042322328
6932635952696987497,17203501085000709991
6932635952696987497,17131274956896149965
6932635952696987497,14400769552961727505
6932635952696987497,8279884728730299195
1693931353023812964,9582943331224321640
1693931353023812964,16117309824269465338
1693931353023812964,4173331297385652065
6932635952696987497,779831677609612486
6932635952696987497,13798188046067724713
6932635952696987497,12039502940853904500
6932635952696987497,3044923824147689110
6932635952696987497,946465567045569116
6932635952696987497,846453899194938423
6932635952696987497,9711996537868465978
1693931353023812964,7183834903969858379
6932635952696987497,6176024757015962435
6932635952696987497,14341501562535253877
6932635952696987497,10840725937677896757
6932635952696987497,3248706138589931499
6932635952696987497,18308608928908419455
6932635952696987497,10041703685604222237
6932635952696987497,15547818391403095889
1693931353023812964,3684884219513825246
6932635952696987497,865134338624761034
1693931353023812964,16698344054611722079
6932635952696987497,6420155617893380728
6932635952696987497,7815094289895812878
6932635952696987497,5548760993582548983
6932635952696987497,5796775462342950231
6932635952696987497,13598406091921587113
6932635952696987497,2173914746016656244
6932635952696987497,12169189053330062324
6932635952696987497,12461523114190374800